0 	 -39
0.1 	 -41
0.2 	 -41
0.3 	 -39
0.4 	 -41
0.5 	 -41
0.6 	 -41
0.7 	 -43
0.8 	 -43
0.9 	 -41
1 	 -43
1.1 	 -41
1.2 	 -43
1.3 	 -39
1.4 	 -43
1.5 	 -41
1.6 	 -43
1.7 	 -43
1.8 	 -41
1.9 	 -43
2 	 -43
2.1 	 -41
2.2 	 -41
2.3 	 -41
2.4 	 -39
2.5 	 -41
2.6 	 -41
2.7 	 -41
2.8 	 -39
2.9 	 -41
3 	 -41
3.1 	 -43
3.2 	 -39
3.3 	 -43
3.4 	 -41
3.5 	 -41
3.6 	 -41
3.7 	 -41
3.8 	 -41
3.9 	 -41
4 	 -39
4.1 	 -39
4.2 	 -43
4.3 	 -41
4.4 	 -41
4.5 	 -43
4.6 	 -39
4.7 	 -41
4.8 	 -41
4.9 	 -43
5 	 -39
5.1 	 -47
5.2 	 -39
5.3 	 -43
5.4 	 -41
5.5 	 -43
5.6 	 -41
5.7 	 -41
5.8 	 -41
5.9 	 -39
6 	 -41
6.1 	 -41
6.2 	 -41
6.3 	 -43
6.4 	 -43
6.5 	 -43
6.6 	 -41
6.7 	 -41
6.8 	 -41
6.9 	 -43
7 	 -41
7.1 	 -41
7.2 	 -43
7.3 	 -39
7.4 	 -41
7.5 	 -41
7.6 	 -41
7.7 	 -39
7.8 	 -47
7.9 	 -41
8 	 -41
8.1 	 -41
8.2 	 -41
8.3 	 -41
8.4 	 -41
8.5 	 -41
8.6 	 -39
8.7 	 -41
8.8 	 -41
8.9 	 -41
9 	 -43
9.1 	 -43
9.2 	 -43
9.3 	 -41
9.4 	 -41
9.5 	 -43
9.6 	 -41
9.7 	 -41
9.8 	 -41
9.9 	 -39
10 	 -43
10.1 	 -41
10.2 	 -39
10.3 	 -41
10.4 	 -43
10.5 	 -41
10.6 	 -41
10.7 	 -41
10.8 	 -41
10.9 	 -39
11 	 -41
11.1 	 -41
11.2 	 -41
11.3 	 -41
11.4 	 -41
11.5 	 -43
11.6 	 -43
11.7 	 -39
11.8 	 -43
11.9 	 -39
12 	 -41
12.1 	 -41
12.2 	 -43
12.3 	 -43
12.4 	 -41
12.5 	 -41
12.6 	 -41
12.7 	 -39
12.8 	 -41
12.9 	 -41
13 	 -43
13.1 	 -41
13.2 	 -39
13.3 	 -41
13.4 	 -43
13.5 	 -39
13.6 	 -39
13.7 	 -43
13.8 	 -41
13.9 	 -41
14 	 -39
14.1 	 -41
14.2 	 -41
14.3 	 -43
14.4 	 -41
14.5 	 -39
14.6 	 -41
14.7 	 -43
14.8 	 -39
14.9 	 -39
15 	 -41
15.1 	 -47
15.2 	 -41
15.3 	 -43
15.4 	 -41
15.5 	 -41
15.6 	 -41
15.7 	 -43
15.8 	 -39
15.9 	 -43
16 	 -43
16.1 	 -43
16.2 	 -41
16.3 	 -43
16.4 	 -41
16.5 	 -43
16.6 	 -41
16.7 	 -39
16.8 	 -39
16.9 	 -43
17 	 -41
17.1 	 -41
17.2 	 -41
17.3 	 -39
17.4 	 -41
17.5 	 -41
17.6 	 -43
17.7 	 -39
17.8 	 -39
17.9 	 -41
18 	 -41
18.1 	 -41
18.2 	 -39
18.3 	 -43
18.4 	 -39
18.5 	 -39
18.6 	 -41
18.7 	 -39
18.8 	 -43
18.9 	 -41
19 	 -43
19.1 	 -39
19.2 	 -41
19.3 	 -41
19.4 	 -43
19.5 	 -41
19.6 	 -41
19.7 	 -41
19.8 	 -41
19.9 	 -41
20 	 -41
20.1 	 -41
20.2 	 -41
20.3 	 -41
20.4 	 -43
20.5 	 -39
20.6 	 -43
20.7 	 -43
20.8 	 -41
20.9 	 -43
21 	 -41
21.1 	 -41
21.2 	 -43
21.3 	 -41
21.4 	 -41
21.5 	 -49
21.6 	 -43
21.7 	 -41
21.8 	 -43
21.9 	 -41
22 	 -41
22.1 	 -41
22.2 	 -41
22.3 	 -41
22.4 	 -43
22.5 	 -41
22.6 	 -41
22.7 	 -43
22.8 	 -39
